      27415
      27053
      31835
      40327
      31164
      40743
      26255
      31199
      16633
      23685
      31200
      40339
      33288
      42046
      15588
      32999
      41390
      31829
       4029
      33124
      36816
      35087
      33119
      38639
      33899
      38586
      39727
      41116
      19992
      40769
      33096
      39703
      41308
      41358
      26226
      39688
      38607
      39792
      41357
      26296
      31708
      31721
      36860
      35081
      11817
      40288
      33130
      40322
      41686
      41712
      27101
      18216
       8088
      27061
      31426
      39701
      40264
      16278
      36818
      40330
      11808
      38583
      41274
      42083
      33868
      32970
      42055
      39729
      33043
      41194
      31754
      36810
      31177
      38499
      27078
      27366
      40472
      11805
      31758
      32988
      38628
      41282
      40253
      26231
      41173
      40277
      41216
      42069
      31870
      35070
      41356
      41341
      39784
      31449
      40267
        537
      17986
      41449
      42065
      16302
      32845
      28123
      11819
      35063
        861
      33885
      33188
      41422
      31763
      40258
      27364
      17945
      33030
      33037
      31703
      27026
      27106
      31785
      38485
      27071
      35055
      26244
      26247
      28125
      33923
      31892
      26210
      26267
      33177
      36847
      35095
      26203
      38640
      32800
      31474
      33093
      33099
       4089
      33137
      28097
      28153
      31806
      31848
      31807
      39806
      31734
      19098
      28119
      40420
      31884
      40259
      41747
      27070
      40307
      26217
      15930
      16485
      33909
      41735
      33009
      40312
      41359
      33171
      16992
      39754
      41212
      42116
      41378
      26212
      39779
      26251
      31750
       7511
       2165
      19643
      41437
      40303
      35071
      39794
      28126
      15908
      31727
      11835
      27219
      38638
      33253
      33865
      28105
      31427
      35049
      41207
      27411
      28127
      33153
      35059
      28120
      31804
       5865
      39678
      40752
      26275
        891
      41583
       2112
      40749
      31148
      36819
      41252
      41323
      33122
      31871
      32850
      41384
      41289
      11960
      41680
      33148
      40283
      32868
      42071
      31705
       9654
      41708
      42109
      28158
      33287
      31795
      41264
      41607
      42098
      27074
      33892
      33915
      41338
      41751
      33036
      31153
      27030
      33245
      41559
      33022
      31853
      33262
      40764
      27093
      27118
      35045
      41175
      27426
      42108
      31445
      41183
      39780
      39690
      33893
      31149
      15858
      26274
      22680
      31503
      40246
      35008
      31817
      36863
       8029
      41231
      41582
      27056
      33260
      31875
       2191
      28101
       1978
      41695
      27372
      23735
      40249
      39827
      32352
      31468
      41700
      26259
      27356
      41286
      27022
      31828
      41748
      33041
      35085
      41230
      41374
      41733
      31790
      31219
      32990
      36856
      22939
      41563
      32012
      31858
       9594
      21716
       2122
      27417
      18214
      33279
      33512
       2174
       2102
      27043
      19705
      41738
      39719
      41709
      31865
      39759
      31780
      39786
      31217
      39844
      15676
      36846
      41415
      40343
      31443
       2105
      33138
      42090
      27424
      31857
      41305
      26293
      42056
      40324
      33501
      41564
       1942
      41398
      33730
      33268
      27401
      38619
      33894
      28983
      39725
      42086
      28144
      33115
      24927
      24971
      28092
      35052
      38500
      19706
      32991
      31756
      26264
       8042
      26290
      41432
      26262
      31482
      11849
      35077
      40316
      33049
      36793
      31480
       8094
      19661
      41017
      33151
      41268
       7120
      16926
      16987
      35086
      33104
      15963
      16444
      31833
      40320
      26243
      31821
      36796
      40297
      40255
      15555
      41307
      26215
      16932
      31147
      33273
      27379
      28168
      36788
      41195
      31176
      32968
      33103
      33165
      42092
      41259
      24928
      41683
      26276
      41580
      27120
      31489
      38622
      38643
      39795
      37653
      31723
      42075
      33113
        811
      41421
       2176
      41408
      42103
       2313
      31466
      16347
      40270
      41213
      24938
      39841
      33294
      39674
      26294
      27414
      39693
      41590
      38615
      40756
        842
      31730
      36814
      41401
      41731
      26246
      31210
      31786
      41386
      31717
      40291
      13540
      36834
      39711
      33862
      41254
      31161
      31145
      42085
      38646
      31819
      27041
      33164
      41190
      31168
      35021
      36843
       8079
      27361
      41350
      28098
      39760
      33120
      16333
      27427
      12024
      27023
      33902
      31779
      32994
      36848
      40319
      41565
      42064
      42080
      26219
      33292
      33285
      41180
      41430
      19120
      39687
      41248
      33185
      28159
      41745
      39824
      32981
      41225
      41333
      16257
      26617
      31846
      36820
      31704
      41309
      31732
      32987
      33154
      18176
      41681
      33919
       2161
      41407
      18180
      15696
      27052
      18219
      33875
      41343
      31841
      27402
      39672
      39677
      33170
      36827
      41396
      11316
      39732
      11338
      33916
      31208
      36800
      27113
      40791
       2018
      31862
      33267
      40761
      39772
      39684
      40760
      41188
      26241
      39818
      12001
      41346
      37279
      41721
      39745
      31497
      33254
      27357
      35060
      31198
      40278
      41555
      31714
      40325
      33162
      16458
      39699
      35037
      41316
      31791
      41325
      31475
      41270
      41606
      11998
      17019
      38631
      41694
      31441
      31787
      35058
      42062
      33128
      15759
      36862
      27394
      40459
      31837
      40304
      35090
      40336
      41317
      41567
      31716
      38632
      31447
      31876
      25308
      27395
      41400
      33900
      33931
      31509
      39675
      31696
      27059
      33007
      33145
      33880
        830
      16224
      35046
      41376
      31735
      40742
      41290
      24908
      38645
      32855
      28096
      31178
      38604
      39671
      41214
      27082
      31173
      28109
      28147
      41276
      31737
      38590
      38599
      24966
      35928
      31451
      18211
      40309
      28104
      28124
      40436
      26411
      33091
      15927
      41310
      35032
      12506
      41405
      31429
      31877
      36792
      27363
        810
      41417
      40346
      41402
      39836
      33018
      41335
      28131
      40326
      39753
      40293
      28128
      35094
      41687
      41727
      27377
      40314
      26233
      26260
      41319
      33020
      39829
      42097
      11854
      35003
      39788
      16016
      26238
      27024
      31883
      33032
      27098
      27063
      31749
      41283
      16477
      40285
      18359
      28151
      27085
      40248
      41265
      35012
      28081
      31159
      31492
        814
      31847
       1685
        791
      41372
      24962
       4077
      36852
      33029
      26234
       1586
      31752
      39752
      26268
       5344
      28080
      28150
      39691
      31748
      33141
      31742
      39819
      41704
      31224
      31431
      24196
      39820
      41198
      42088
      31820
      40751
      33105
      41698
      33149
      31152
      39787
      33272
      41159
      41243
      11968
      33295
      41722
      11847
      41242
      40308
      41187
      31725
      39793
      35041
      39707
      28205
      36805
      41227
      41202
      41351
      41568
       3976
      35031
      28167
      31174
      19126
      38612
      27089
      32849
      42058
      19093
      41696
      26213
      33508
      39839
      41725
      33021
      39742
      40290
      41304
      41450
      32977
      30154
      36830
      33169
      33277
      35022
      41713
      27899
      24913
      39801
      31206
      32965
      27398
      31809
      31811
      39809
      41272
      27067
      38633
      41246
      27036
      36857
      40276
      33270
      33011
      27400
      27069
      38654
      41220
      28143
       8075
      39797
      41599
      18223
      27094
      31462
      33913
      38585
      28135
      27112
      31477
      33532
      16985
      40750
      26298
      33890
      41690
      27907
      39737
      39697
      39706
      27080
      24942
      33152
      33263
      22943
      41191
      41255
      31425
      33174
      41603
      31465
      38497
      41269
      41754
       8844
      27418
      31167
       3331
       5455
      40250
      31887
      32778
      40767
      31428
      10300
      33925
      39740
      39805
      40741
      40434
      41749
      15589
      33809
      31800
      33286
      31808
      33031
      28095
      41245
      40746
       2514
      31487
      31783
      39810
      31183
      33114
      33927
      36859
      38641
      31186
      33275
      33918
      31866
      41743
      31483
      40344
       2142
      31203
      11953
      40321
      40481
      41438
      26249
       7060
      33155
      40256
      41381
      42048
      27383
      15934
      40345
      41219
      41369
      33274
      42072
      31432
      40770
       2663
      16948
      39842
      40755
      41178
      33917
      25712
      19153
      36829
      28842
      39720
      38606
      31844
      27019
      16277
      41200
      27075
      28156
      26278
      19650
      24947
      32951
      39838
       4085
      33112
      33160
      39781
      40342
      31185
      33051
      39800
      26253
      39689
      41741
      26280
      35039
      31736
      31214
      35051
      28568
      31744
      35025
      31151
      31450
      31830
      33882
      40269
      38648
      33135
       3485
      40302
      18251
      19645
      40310
      41324
      41442
      27381
      40284
      41295
      42063
      33108
      15553
      33251
      41181
      22678
      41367
      41447
      40763
      12009
      32958
      33257
      36822
      41179
      33012
      35056
      27370
      41344
      41440
      41330
      41196
      27368
      33101
      42096
      33283
      28164
      31759
      41679
      31444
      33889
      42073
      31803
      33864
      36817
      32878
      31771
      24972
      33176
      16442
      40341
      41169
      41208
      26263
      33013
      31493
      32966
      41448
       2135
      31491
      31767
      16011
      31452
      41229
      41251
      38613
      27025
      33863
      41429
      27387
      33934
      36791
      39765
      32985
       2121
      40254
      41347
      41716
      26245
      27360
      31442
      35043
      33246
      40340
      27405
       2136
      26220
      31873
      39297
      42052
      35016
      41162
      42050
      39816
      41399
      31453
      19119
       2187
      33132
      41392
      31253
      27084
      41566
      31169
      24923
      33146
      15773
      25707
      28163
      25683
      27422
      41209
      11840
      41237
      23703
      41737
      31286
      42112
      24952
      39734
      15562
      31499
      32973
      41557
      33024
      41292
      27410
      41433
      41701
      42045
      41403
      31448
      15710
      16982
      41362
      41383
      31845
      33906
      26287
      41303
      33901
      31799
       8078
      33117
       4100
      33284
      39696
      35066
      41431
      37703
      31424
      27044
      31225
      26229
      39828
      27049
      31788
      41587
      39726
      31192
      39748
      28108
      42049
        833
      27362
       2090
       2193
      41601
      39833
      41342
      18235
      39758
      40294
      41411
      41416
      31500
      33118
      33110
      33290
      26235
      31842
      32962
      41750
      18226
      41688
      26252
      28141
      10119
      38603
      41423
      11832
      11841
      39826
      27076
      15522
      11322
      27369
      40768
      32956
      36798
      11789
      26207
      33028
      41569
      26204
      33249
      41314
      41414
      42079
      19667
      26288
      26299
      16486
      35053
      38624
      28082
      33250
      35028
      41217
      36836
      27097
      31180
      31713
      35017
      36850
      26218
      41451
      26279
       4103
      25749
       5331
      31729
      40349
      28136
      36832
      23679
      11848
      41332
      33159
      33911
      31157
      36853
      15560
      41593
      33662
      35075
      15932
      32846
      27355
      40300
      31494
      31812
      33019
      27068
       2108
      41371
      40777
      26225
      31761
      39766
      41718
      33004
      39771
      39769
      38618
      26286
      31460
      35048
      36833
      27388
       1704
      38637
      40265
      41224
      41368
      33111
      26237
      35073
      31709
      41575
      24956
       4071
      33008
      39762
      31175
      31722
       2145
      39698
      39830
      33517
      33006
      19694
      41452
      27054
      38611
      41193
      41413
      40274
      41375
      41697
        796
      42117
      31824
      41226
      41410
      33908
      40765
      29171
      41577
      31724
      32986
      41184
      16956
      16244
      11811
      41262
      25715
      35027
      36865
       3089
      35082
      26065
      40317
      28111
      28154
      41391
      31751
      41199
      28117
      31890
      27029
      41685
      41232
      41266
      31766
      36842
      41742
       8887
      31479
      35062
      38498
      31818
      41677
      31202
      27889
      19640
      16267
      41176
      41377
      16454
      27108
      16635
      28113
      33269
      19108
      39811
      31726
      35013
      28118
      41260
      31765
      33044
      35069
      39733
      28148
      27091
      31718
      40323
      33886
      31179
      19125
      41558
      41572
      31216
      36835
      36821
      41204
      15975
      41345
      41691
      33097
      31747
      36802
      12036
      16284
      27111
      38630
      41592
      41218
      41284
      35029
      33907
      24940
      26242
      40301
       4033
      39735
      39775
      27375
      35033
      31796
      33870
      18175
      27406
      39749
      36790
      40305
      41693
       8012
      36840
      41389
      31464
      16475
      39823
      28140
      27058
      28114
      33878
      39676
      41267
      31436
      31889
      42095
      39763
      41560
      26266
      33140
      41424
      41605
      33265
      41312
      31197
      33142
      39715
       7045
      33928
       2012
      31510
      38626
      41165
      15685
      41287
      31163
      31181
      32447
      42068
      35035
      33256
      41215
      38589
      38593
       3441
      41322
      27404
      27088
      31741
      12007
      41600
      27373
      41163
      31720
      32953
      33045
      27046
      31778
      17623
      41404
      31484
      33175
      41594
      31221
      33161
      41598
      39813
      19663
      16468
      38582
      15919
      33271
      15741
      26269
      35074
      33005
      41364
      41705
      35061
      18526
      41556
      33035
      27382
      31459
      27365
      33033
      42054
      35091
      16464
      31495
      40289
      41576
      33094
      33039
      39741
       8026
      41306
      11284
      41571
      15681
      31473
      41435
      26236
      41570
      41427
      27110
      27114
      33050
      41596
      42087
      35072
      27233
      38501
      27428
      39722
      39796
      40329
      33929
      28162
      32998
      38600
      38647
      16370
      31768
      41380
      31774
      35044
      39845
      42094
      31869
      33144
      41436
      31764
      31838
      38621
      41320
      33126
      39791
      26277
      26289
      38614
      31146
      33898
      39716
      31458
      41574
      27371
      16979
      36839
      41279
      42067
      31753
       1735
      39770
      26284
      16462
      16354
      33116
      42053
      39843
      41298
      31209
      41426
      41210
      26270
      35076
      40334
      26209
      27066
      16487
      39717
      30165
      41753
      39679
      23688
      40331
      38634
      31740
      36812
      28157
      40261
       3260
      32974
      38595
      19094
      33010
      16706
      39834
      41244
      27047
      31172
      35024
      39778
      16243
      33040
      31435
      33150
        492
      31222
      31454
      40745
      27119
       5194
      19644
      38656
      38644
      32992
      36804
       2172
       5318
      19154
      41412
      33282
      41277
      26222
      35057
      31784
      35006
      33861
      19648
      33109
      32984
      39802
      31834
       1940
       2040
      24944
      27374
      31762
       2113
      41168
      36866
      40262
      40956
      40998
       1990
      38617
      33046
       2126
      27109
      33025
      38620
      31505
       1330
      33168
      39768
      32759
      31481
      39774
      41313
      42066
      31195
      26361
      16712
      38653
      16463
      16432
      30144
      39713
      41395
      28083
      19687
      26295
       4074
      31488
      31775
      33278
      16977
      39782
      33904
      16460
      41689
      24969
      27393
      36868
      41258
      22679
      26208
      19669
      40748
      35034
      33102
      41299
      27090
      31843
      39785
      40279
      41228
      33248
      41285
      27367
      41710
      28149
       9660
      36811
      21721
      31182
      28122
      31218
      39812
      41223
      27048
      16436
      33887
      41365
      42082
      31501
      33034
       2188
      39709
      39798
      10086
       2189
      26273
      27077
      16689
      31490
      31531
      33912
      39837
      27105
      31802
      31171
      40757
      27412
      42081
      36813
      39718
      16446
      31789
      28094
      33092
      41360
      41172
      41366
      31836
      39755
      31702
      35088
      41233
      41256
      41081
      40280
      31438
      33127
      33881
      26239
      32955
      32967
      33264
      31881
      39859
      31712
      32960
      39692
      36824
      25688
      33289
      40333
      27399
      31422
      15948
      32843
      42060
      31215
      11371
      40257
        795
      35084
      31731
      27403
      31204
      31433
      35038
      41446
      26232
      27885
      23678
      25758
      28084
      28137
      27117
      16965
      38609
      41434
       2745
      31814
      33014
      41597
      41334
      42099
      27423
      38635
      41271
      41192
      33016
      35093
      39705
      40957
        799
      38642
      40252
      39738
      31506
      33891
      39681
      40311
      42114
      41732
      31485
      31757
      41170
       1067
      36844
      31831
      32972
      38601
      26254
      33125
      33924
      31498
      41752
      31655
      41678
      38502
      33017
       1962
      39298
      31856
      28121
      28099
      31879
      41234
      42101
      26250
      31440
      31770
      41453
      31470
      31776
      13511
      40744
      31455
      36815
      42074
      31439
      36855
      35011
      33903
      39685
      39783
      41409
      41573
      41273
      42100
      26272
      33243
      41240
      28116
      42110
      41579
      27096
      39700
      41302
      35019
      41591
      38605
      40282
       1928
       2003
      27358
      32969
      39804
      41746
      33100
      33139
      42093
      42113
      32983
      31184
      41584
      36837
      42070
      33163
      26265
      41281
      32838
      31769
      35015
      33255
      15677
      27092
      39803
      41340
      41444
      39807
      26271
      31156
      32959
      31867
      42076
      41439
      42051
      28088
      36841
      38608
      19649
      11368
      32073
      36807
      41728
      35009
      26228
      41692
      15721
      28106
      27396
      31849
      40766
      39746
      41189
      26223
      33869
      39764
      39283
      39825
      33026
      42047
      33136
      32954
      33905
      11944
      31745
      31872
       2157
      40348
      41239
       1574
      31719
      31886
      41553
      33920
      25741
      35083
      31851
      33002
      39835
      41164
       2099
      39712
      39767
      41203
      31212
      39761
      40272
      39776
      27065
      33015
      11663
      33280
      40271
      36825
      41353
      41706
      40740
      33158
      38587
      27020
      28134
      36797
      41185
      31205
      32995
      39249
      42061
      41394
      41331
      19676
      33166
      41379
      27064
      27242
      41236
      41280
      27420
      27037
      31827
      33266
      25691
      31864
      41205
      33888
      39750
      31798
      41318
      27397
      38655
      39799
      33089
      33930
      39702
      41703
      28138
      37023
      40266
      16269
      38610
      33258
      41715
      21055
      33003
      40801
      38504
      26240
      33932
       5518
      25725
      41328
      35004
      31861
      31854
      27051
      41253
      15530
      19112
      42106
      31880
      33134
      28110
      33090
      32964
      41238
      33276
       2171
      39822
      31189
      26258
      16008
      31504
      39747
      31885
      39756
      41561
      40800
      41720
      27115
      39731
       2166
      31158
      39743
      39814
      31868
      33172
      40286
      31196
      27055
      27391
      31472
      41291
      28107
      31496
      28087
      28102
      31463
      41734
      33173
      41382
      31772
      33914
      23595
      33921
      41602
      38594
      41311
      27042
      33167
      32989
      41297
      31782
      11307
      41730
      42091
      10697
      26282
      35018
      41595
      32980
      33872
      32835
      12740
      26360
      33098
      33876
      39680
      30123
      41161
      31486
      31190
      27079
      36861
      40295
      41211
      31855
      41288
      35089
      36826
      31471
       1950
      36867
      38652
      11820
      36789
      39744
      32961
      41419
       1750
      41221
      27103
      31777
      41349
      33156
      38597
      41337
      36845
      32978
       2094
      33884
      39694
      33293
      16961
      40332
      31773
      11856
      31797
       1773
      33252
      39714
      41293
      31706
      28103
      28133
      31446
      31478
      25748
      15540
      42089
      35042
      33042
      42102
      33281
      27385
      31792
      28089
      19111
      28145
      26216
      27380
      31743
      31691
      32979
      33261
      41744
      15733
      41370
      31502
      35007
      39831
      41719
      32957
      28093
      31213
      39730
      40260
      32976
      27021
      27909
      28146
      28152
      40747
      42107
      36864
      41684
      39683
      33291
      27429
      28169
      31711
      38629
      41250
      28170
      36823
      28090
      31155
      31166
      38651
      41201
      41321
      28129
      26221
      31187
      39757
      31461
      31220
      41586
      27027
      31421
      41222
      40247
      36803
      28085
      33333
      26283
      41301
      32952
      28100
      15705
      35036
      38625
      26292
      36799
      27421
      39708
      27220
      41241
      27072
      38649
      11997
      33147
       2097
        792
      33259
      33883
      40759
        753
      27419
      33027
      41608
      28115
      37276
      40251
      41717
      31191
      36787
      41723
      31707
      36794
      36854
      18241
      31793
      33023
      28112
      40753
      41182
      41206
        798
      35064
      40298
      26261
      33895
      16346
      33000
      35065
      26214
      15507
      33877
      41388
      26256
      27035
      38627
      42105
      11858
      39695
      40287
      41425
      27392
      31805
      39305
      33247
      41707
      35020
      38596
      41714
      42078
      19638
      27413
      32996
      35023
       8052
      41588
      41363
      31882
      33203
      29483
      25744
      41300
      41585
      39673
      31701
      27045
      15549
      28130
      27430
      41167
      33871
      38602
      31144
       2125
      36849
      42084
      31826
       5316
      31825
      39736
      39751
      40328
      31154
      19693
      36838
      27407
      28139
      40268
      40347
      26224
      27086
      38584
      23728
      33873
      40758
      25012
      23710
      27409
      31822
      38616
      33187
      39682
      33244
      31832
      33558
      35054
      16995
       2156
      30147
      27057
      40338
      14338
      33129
      35092
      40754
      27095
      30139
      38490
      41166
      31810
      33121
      33896
      41726
      27386
      41589
      41406
      41257
      40281
      41275
      26297
      27100
      27104
      28142
      41247
      27416
      42118
      27083
      41336
      15592
      31508
      31815
      35080
      19714
      35010
      33123
      15683
      27107
      24936
      39832
      41315
      36858
      36801
      39773
      40296
      38592
      11301
      27031
      42077
      31823
      27384
      11837
      27359
      40337
      27040
      39840
      41171
      27882
      35050
      41326
      36808
        812
       8051
      33910
      40306
      31760
      33106
      26300
      35047
      39721
      40335
      31755
      40318
      38598
      28091
      42111
      31211
      30171
      41387
      26257
      39728
       2168
      31860
      10442
      35030
      33922
      32997
      17911
        853
      35040
      40263
      26206
      27880
      31476
      31207
      26285
      35026
      41263
      31746
      41235
      36809
      33866
      41354
      26281
      16937
      27050
      31165
      35079
      36831
      35005
      24124
      31434
      41044
      41160
      27878
      41177
      41420
      27033
      11850
      27389
      27073
      31201
      40292
      33047
      32975
      41578
      38591
      40299
      27081
      27408
      31878
      36806
      42057
      39821
      31794
      31738
      33131
        813
      24954
      39704
      31781
      32963
      16959
      38623
      41278
      27102
       2186
      27060
      33107
      38588
      41699
      41702
      38636
      41186
      28086
      41729
      39815
      27087
      27038
      41329
      31863
      38650
      28079
      26291
      11833
      41604
      28165
      41352
      16695
      31891
      24179
      27425
       1989
      14339
      22528
      39724
      41249
      42059
      27062
      17340
      35014
      41397
      33038
      33133
      31150
      33879
      25708
      31839
      28160
      27390
      41740
      33095
      41197
      31193
      31423
      41327
      31469
      39739
      31715
      40455
      27028
      41736
      33933
      41339
      39808
      41361
      31710
      41554
      41724
      31194
      40273
      30142
      41682
      28155
      41418
      39817
      40315
      31874
      33001
       2098
      31188
      36851
      39299
      33897
      35067
      41373
      31160
       1930
      26227
      33926
      39710
      36795
      40275
      41562
      39790
      27378
      32971
      33048
      41445
      42115
      26230
      31507
      31801
      33874
      31223
      41294
      11857
      41428
      26248
      27039
      41261
      16488
      33143
      41443
      41348
      31437
      39777
      41385
      27376
      28166
      26211
      28161
      41296
      35068
      31840
      28132
      31430
       7988
      35078
      27099
      27034
      31170
      33867
      40313
      25605
      27032
      36828
      32993
      26301
      32030
      28171
      31859
      31816
      33157
      39723
      31813
      41711
      31733
      40762
      31739
      41581
      31162
        881
      16388
      39789
      26205
      31456
      39686
      41393
      31728
      41739
      27116
      19690
      31600
      31888
      42104
      32982
      42044
      41441
      38503
      31852
      31850
      41355
      31467
      41174
      31457
       1778
